5521
5343
5205
5456
5440
5676
5391
5667
5220
5552
5278
5341
5416
5465
5152
5242
5374
5554
5349
5476
5405
5396
5464
5182
5391
5106
5466
5285
5605
4979
4964
5349
5477
5358
5555
5504
5326
5765
4814
5077
4993
4886
5761
5485
5465
5428
4893
5380
5546
5362
5373
5321
4873
5793
5409
5362
5387
5493
5189
5498
5559
5545
5402
5447
5605
5428
5285
5506
5414
4015
5202
5552
5156
5337
3538
5374
5426
5562
5545
5294
5522
5359
5765
5655
5512
5375
5539
5287
5292
5439
5325
5630
5469
4891
5470
5275
5552
5428
5801
5177
5368
5765
5028
5353
5477
5493
5487
5437
