5544
5513
5392
5470
4963
5040
5464
5719
4269
5484
5283
4888
5125
3525
5535
5379
5496
5410
4868
4868
5161
5247
5732
5436
3998
5224
4985
5497
5281
5475
5360
5281
5028
5344
5757
5373
5557
5460
4795
5495
5594
5295
4561
5752
5263
5364
5179
5151
5063
5365
5719
5294
5583
5148
3979
5279
5632
5761
5545
5500
5295
5241
5613
5381
5579
5034
4776
5594
5211
5470
5041
4617
5014
5418
5274
4380
5764
5127
5611
5709
5104
5140
5242
5615
5576
5378
4733
5788
5263
5364
5451
4921
5608
5414
5647
5560
5438
4990
4886
5239
5458
3201
5277
5240
